family	female	male	mid_MW	mid_MH	mid_FSIEI	mid_DFB	mid_PFB	mid_cir	mid_rect	mid_DisAMa	mid_ProAMa	mid_ovoid	MW	MH	FSIEI	DFB	PFB	cir	rect	DisAMa	ProAMa	ovoid
70-6-15XExcel	70-6-15	Excel	2.268605005	4.799510235	2.077285	0.44436	0.585065	0.20862	0.484765	96.69213	104.611275	0.133235	2.216884917	4.664638245	2.057156	0.43487	0.594668	0.203332	0.484548	90.98683	106.879012	0.157814
70-6-15XPawnee	70-6-15	Pawnee	2.177479928	4.949809357	2.21815	0.364035	0.558775	0.220505	0.485645	90.723705	104.203915	0.11095	1.990052897	4.364281379	2.15445	0.39897	0.61151	0.217	0.48856	95.14371	108.43542	0.123965
78-15-51XExcel	78-15-51	Excel	2.451889877	4.620717092	1.840605	0.46001	0.55833	0.17801	0.46687	103.16626	107.08551	0.137405	2.417984538	4.309527737	1.750675	0.445401667	0.537265	0.158586667	0.466531667	105.104925	109.83788	0.122185
99-10-3XPawnee	99-10-3	Pawnee	2.440223301	4.63753696	1.87097	0.41449	0.60324	0.17416	0.48614	105.343835	117.25555	0.166165	2.215981073	4.036980577	1.790095	0.37402	0.622785	0.165645	0.461035	100.125195	119.702465	0.18893
99-12-20XLakota	99-12-20	Lakota	2.216077348	4.548342371	2.011205	0.34363	0.590465	0.193905	0.47494	90.383285	113.873185	0.141885	1.989319348	3.314850472	1.63406	0.352823333	0.62537	0.13825	0.467826667	105.33108	127.0963167	0.16984
AmlingXExcel	Amling	Excel	2.148223516	4.607446761	2.125575	0.448505	0.6248	0.215035	0.49311	94.697135	104.70025	0.164685	1.884329177	3.520024161	1.832809375	0.425064375	0.6382225	0.17347	0.486139375	97.4954675	118.7573488	0.1952675
BartonXJackson	Barton	Jackson	2.493288087	4.704475999	1.852275	0.530015	0.618545	0.175545	0.510335	115.31184	119.00913	0.11291	2.043165323	3.551615086	1.717630625	0.546465	0.5982325	0.156734375	0.497376875	116.2352869	117.98059	0.072884375
ByrdXMandan	Byrd	Mandan	2.179440498	4.639342984	2.07354	0.473445	0.576755	0.20674	0.49567	104.88087	106.318095	0.05732	1.979842504	3.721171403	1.845600592	0.432735503	0.577083432	0.174335503	0.473985207	105.4460805	110.4524947	0.106105917
CaddoXByrd	Caddo	Byrd	2.127738918	4.732509495	2.173265	0.365285	0.462435	0.216135	0.44565	85.35572	92.11418	0.07467	2.11995281	4.313618888	2.00068	0.462458333	0.500296667	0.195901667	0.466573333	101.15004	101.7689383	0.058555
CaddoXCape Fear	Caddo	Cape Fear	2.20644751	4.411205939	1.968775	0.40023	0.427675	0.18507	0.44108	93.56948	91.95857	0.070995	2.049484346	4.121439564	1.9729	0.437206667	0.501216667	0.190106667	0.463676667	102.3468733	103.8247733	0.067766667
Carlson CenterXByrd	Carlson Center	Byrd	1.959953324	4.048578079	2.005975	0.38509	0.582065	0.19445	0.479715	91.256675	109.062995	0.122345	1.768357266	3.247991933	1.803905333	0.380322667	0.558094	0.165606667	0.454252	94.85449267	109.7580373	0.120807333
ExcelX86-3-32	Excel	86-3-32	2.402792132	4.323676517	1.757165	0.52971	0.61069	0.168895	0.48553	114.02649	114.075035	0.119455	2.029446242	3.845386817	1.863628814	0.476931356	0.627442373	0.180029661	0.483733898	104.0677644	115.749822	0.197708475
FairclothXByrd	Faircloth	Byrd	2.134108482	4.661936892	2.13314	0.40612	0.568585	0.21254	0.480865	87.33647	103.496295	0.12502	1.960702354	3.905929789	1.95637	0.425293333	0.583698333	0.188295	0.48038	93.69634167	107.5580467	0.117291667
FairclothXGa-99-2-108	Faircloth	Ga-99-2-108	2.277591231	4.704915258	2.03535	0.39666	0.57856	0.20107	0.468995	86.97519	102.344345	0.171625	2.074378998	3.808634403	1.809965238	0.417650476	0.56134	0.165122381	0.467915714	102.0752986	109.0712086	0.137259524
KanzaX70-6-15	Kanza	70-6-15	2.195796115	4.430595039	1.976905	0.37496	0.511505	0.183305	0.45823	91.57282	107.799525	0.116435	2.196417728	3.985164388	1.792762857	0.378582857	0.604741429	0.16347	0.467284286	92.57660857	118.0950471	0.164234286
KanzaXByrd	Kanza	Byrd	2.227931608	4.236588262	1.85649	0.374225	0.54021	0.16893	0.45885	92.95872	115.43487	0.142285	1.94385399	3.604204585	1.822403	0.3402365	0.5414405	0.166199	0.4408505	85.7457245	113.043875	0.1546105
KanzaXExcel	Kanza	Excel	2.329231263	4.133100422	1.72645	0.41284	0.58194	0.157955	0.456355	95.90119	117.32498	0.19669	2.253273125	3.592069278	1.562035	0.41619	0.62857	0.12612	0.47055	102.226935	131.646885	0.17785
Leger-1XAmling	Leger-1	Amling	2.176186279	4.051423569	1.889635	0.40548	0.607785	0.165685	0.48179	96.977825	114.34922	0.15439	1.974586985	3.366531188	1.681027727	0.40874	0.521817273	0.144328636	0.448789545	99.54730909	110.57278	0.136000909
LucasXByrd	Lucas	Byrd	1.99067067	4.12236531	2.01123	0.387655	0.574015	0.195705	0.47786	91.27735	108.541495	0.120145	1.659034217	3.189707259	1.89080375	0.36730375	0.596895	0.17885375	0.472225	93.191485	112.2616863	0.13982625
LucasXPawnee	Lucas	Pawnee	2.000845248	4.169176592	2.022055	0.345945	0.589455	0.196615	0.476245	88.251395	110.024245	0.152265	1.804671364	3.370393365	1.838339623	0.351971698	0.606830189	0.170228302	0.472811321	91.85582264	112.4450642	0.171554717
MaramecX99-9-3	Maramec	99-9-3	2.404740806	4.948946514	2.02233	0.44565	0.6404	0.197695	0.49364	103.90556	116.993965	0.21289	2.128808734	3.886886993	1.783622857	0.5004	0.550868571	0.165615714	0.476442857	112.8708886	115.2957986	0.131058571
McMillanXByrd	McMillan	Byrd	2.202868408	4.42761083	1.96063	0.39341	0.587945	0.187475	0.48536	99.213755	113.74814	0.121155	2.00777119	3.835806366	1.87613375	0.39913375	0.605718125	0.17974625	0.479660625	100.1367006	111.3045469	0.1066425
NaconoXExcel	Nacono	Excel	2.322102959	5.061821706	2.137325	0.432985	0.530425	0.21524	0.46894	90.61669	99.750865	0.167445	2.179851115	4.348351005	1.963715	0.40369	0.62196375	0.190264167	0.482251667	92.50222125	113.9521067	0.184903333
NaconoXFaircloth	Nacono	Faircloth	2.155470944	5.11825514	2.313595	0.39548	0.48524	0.233535	0.46442	79.87513	91.00054	0.13338	2.00523387	3.620600927	1.795005405	0.395248649	0.553927027	0.160394595	0.459059459	96.25410811	114.2716324	0.183097297
OconeeXExcel	Oconee	Excel	2.422804924	4.714688847	1.900725	0.493675	0.61991	0.18827	0.491735	104.65325	111.57819	0.153565	2.231173925	4.575060434	2.002275	0.43003	0.621565	0.19803	0.484245	89.771115	107.862975	0.178785
PawneeXAmling	Pawnee	Amling	2.057098439	4.757745884	2.26644	0.36818	0.59851	0.22692	0.49399	88.72871	104.29289	0.1424	1.998406857	3.764152893	1.854224268	0.381098745	0.62458159	0.171344351	0.481738494	97.72089498	119.4946665	0.168946025
PawneeXAvalon	Pawnee	Avalon	2.275053752	4.747449454	2.03515	0.405755	0.567445	0.199435	0.478955	92.201205	106.95866	0.133415	1.915639265	3.668391315	1.888287143	0.45554	0.539874286	0.179525714	0.468728571	103.6941757	106.4944414	0.100611429
PawneeXElliott	Pawnee	Elliott	2.271934141	4.070749869	1.759105	0.30816	0.565605	0.148835	0.451045	96.002445	118.913585	0.176405	2.045537999	3.368836868	1.622050801	0.3480375	0.587195833	0.132556731	0.454226282	100.4729088	122.1400583	0.185841667
PawneeXKanza	Pawnee	Kanza	2.238106187	4.283399545	1.867315	0.332515	0.55565	0.16984	0.457235	89.932765	116.91762	0.174405	2.053304345	3.66277405	1.757748333	0.372955	0.593386667	0.157318333	0.466708333	97.35057667	119.2394517	0.17691
SumnerXElliott	Sumner	Elliott	2.242794859	3.986058574	1.752685	0.366005	0.56883	0.15014	0.4561	97.91739	114.43317	0.168005	2.055303976	3.657925125	1.744532667	0.4183	0.53913	0.154625333	0.462504667	97.57514	112.1903573	0.126544
Syrup MillXGa-99-2-108	Syrup Mill	Ga-99-2-108	2.333102406	4.80050234	2.02295	0.349905	0.63708	0.204165	0.44938	81.66363	108.75644	0.244515	1.906249689	3.605701931	1.866986232	0.380028261	0.607754348	0.176706522	0.463184783	90.36164348	113.2505029	0.175481884
ZinnerXByrd	Zinner	Byrd	2.262006816	4.521142388	1.953465	0.421975	0.626255	0.18848	0.498955	100.97297	118.109875	0.146565	2.209130019	4.257427445	1.8960525	0.4219175	0.6871975	0.1833625	0.5075125	98.38349	125.0860225	0.1663925
ZinnerXExcel	Zinner	Excel	2.363306471	4.417654548	1.823425	0.46059	0.667985	0.177505	0.49646	103.91544	119.999985	0.20097	2.244707343	4.080361328	1.798409184	0.412729592	0.663352041	0.168266327	0.490330612	100.3508194	121.3350092	0.216343878